17
02
17
02
18
02
19
02
19
02
18
02
17
02
16
02
15
02
15
02
16
02
17
02
17
66
16
03
16
01
17
02
17
02
18
02
19
02
19
02
18
02
17
02
16
02
15
02
15
02
16
02
17
02
16
66
15
03
15
01
16
02
16
02
17
02
15
02
16
02
17
03
18
03
17
02
15
02
16
02
17
03
18
03
17
02
16
02
15
02
16
02
0F
02
17
02
17
02
17
02
18
02
19
02
19
02
18
02
17
02
16
02
15
02
15
02
16
02
17
02
16
66
15
03
15
01
16
02
16
02
17
02
15
02
16
02
17
03
18
03
17
02
15
02
16
02
17
03
18
03
17
02
16
02
15
02
16
02
0F
03
17
02
17
02
17
02
18
02
19
02
19
02
18
02
17
02
16
02
15
02
15
02
16
02
17
02
16
66
15
03
15
01
00
00